NbEtu 25
Cap	8	1	5	2	2	2	2	2	1
0	ANDROIDE	9	17	0	18	22	6	14	20	15	4	5	19	13	11	23	16	2	10	8	7	21	1	3	24	12
1	BIM	11	1	22	2	23	18	9	14	15	24	8	5	19	6	20	10	3	21	13	17	12	7	4	16	0
2	DAC	14	4	18	3	5	19	0	24	15	7	2	8	21	11	10	20	1	6	23	17	16	12	13	22	9
3	IMA	16	4	10	18	20	24	2	15	5	17	0	6	9	7	12	1	22	21	14	11	8	3	13	23	19
4	RES	12	24	17	0	1	16	22	5	18	2	7	23	13	11	6	10	8	4	15	19	14	9	20	3	21
5	SAR	3	7	15	16	8	12	14	6	9	0	11	10	21	23	1	13	22	20	19	5	24	2	17	4	18
6	SESI	1	15	22	11	0	10	7	19	12	14	13	20	17	5	3	24	23	4	9	2	18	6	16	21	8
7	SFPN	21	4	1	22	23	3	24	20	19	17	15	14	5	10	0	13	6	7	11	12	2	16	18	9	8
8	STL	22	0	10	2	24	11	19	15	23	5	16	4	21	13	17	6	14	8	1	9	20	18	12	3	7
